										Anand Vihar					
Latitude	Longitude	PM10	SO2	NO2	BENZENE	CO	O3	NH3	Month	Temp	Precipitation	Windspeed	Humidity	PM2.5	Year
28.6502	77.3027	347	28	69	3.8	20	61	113	Nov	20	3	3.6	0.41	210	2017
28.6502	77.3027	332	20	63	3.8	28	72	89	Nov	20	3	3.6	0.41	184	2017
28.6502	77.3027	405	23	67	5	89	60	79	Nov	20	3	3.6	0.41	221	2017
28.6502	77.3027	540	35	82	6.6	93	59	84	Nov	20	3	3.6	0.41	262	2017
28.6502	77.3027	645	28	11	10.8	108	38	101	Nov	20	3	3.6	0.41	316	2017
28.6502	77.3027	556	29	10	10.8	78	26	107	Nov	20	3	3.6	0.41	345	2017
28.6502	77.3027	440	16	11	9.3	56	26	137	Nov	20	3	3.6	0.41	611	2017
28.6502	77.3027	       NA	23	13	15.9	66	25	142	Nov	20	3	3.6	0.41	789	2017
28.6502	77.3027	       NA	16	16	9.8	79	36	99	Nov	20	3	3.6	0.41	571	2017
28.6502	77.3027	329	20	15	11.3	99	50	112	Nov	20	3	3.6	0.41	497	2017
28.6502	77.3027	       NA	13	14	12.6	99	46	108	Nov	20	3	3.6	0.41	547	2017
28.6502	77.3027	      NA	17	10	13.6	82	30	101	Nov	20	3	3.6	0.41	642	2017
28.6502	77.3027	      NA	15	10	10	60	28	110	Nov	20	3	3.6	0.41	518	2017
28.6502	77.3027	      NA	16	83	5.5	15	25	88	Nov	20	3	3.6	0.41	317	2017
28.6502	77.3027	283	21	85	5	16	24	71	Nov	20	3	3.6	0.41	251	2017
28.6502	77.3027	341	25	10	5.4	36	NA	84	Nov	20	3	3.6	0.41	250	2017
28.6502	77.3027	304	20	88	4.8	18	29	76	Nov	20	3	3.6	0.41	186	2017
28.6502	77.3027	340	17	11	6.2	20	20	67	Nov	20	3	3.6	0.41	159	2017
28.6502	77.3027	276	23	97	3.5	19	17	57	Nov	20	3	3.6	0.41	153	2017
28.6502	77.3027	304	17	11	4	17	73	51	Nov	20	3	3.6	0.41	194	2017
28.6502	77.3027	325	18	13	7.6	38	19	60	Nov	20	3	3.6	0.41	230	2017
28.6502	77.3027	296	17	13	8.1	31	16	67	Nov	20	3	3.6	0.41	253	2017
28.6502	77.3027	274	18	14	7.7	29	19	68	Nov	20	3	3.6	0.41	231	2017
28.6502	77.3027	      NA	14	16	11.6	32	22	81	Nov	20	3	3.6	0.41	304	2017
28.6502	77.3027	     NA	17	17	9.9	32	19	90	Nov	20	3	3.6	0.41	266	2017
28.6502	77.3027	628	18	19	11	41	20	95	Nov	20	3	3.6	0.41	309	2017
28.6502	77.3027	612	18	18	9.6	24	23	112	Nov	20	3	3.6	0.41	275	2017
28.6502	77.3027	533	17	17	11.7	30	20	116	Nov	20	3	3.6	0.41	278	2017
28.6502	77.3027	520	22	14	12	119	19	126	Nov	20	3	3.6	0.41	356	2017
28.6502	77.3027	613	20	13	10.7	67	17	111	Nov	20	3	3.6	0.41	339	2017
28.6502	77.3027	669	18	154	11.6	20	61	106	Dec	15	10	7.2	0.56	300	2017
28.6502	77.3027	837	15	195	16.6	28	72	119	Dec	15	10	7.2	0.56	418	2017
28.6502	77.3027	757	17	151	15	89	60	120	Dec	15	10	7.2	0.56	425	2017
28.6502	77.3027	837	19	167	15.9	93	59	123	Dec	15	10	7.2	0.56	463	2017
28.6502	77.3027	662	22	110	12	108	38	64	Dec	15	10	7.2	0.56	358	2017
28.6502	77.3027	308	28	88	5.2	78	26	69	Dec	15	10	7.2	0.56	140	2017
28.6502	77.3027	298	22	89	3.6	56	26	52	Dec	15	10	7.2	0.56	98	2017
28.6502	77.3027	409	25	114	5.7	66	25	56	Dec	15	10	7.2	0.56	155	2017
28.6502	77.3027	936	23	149	9.9	79	36	76	Dec	15	10	7.2	0.56	314	2017
28.6502	77.3027	956	17	138	16	99	50	91	Dec	15	10	7.2	0.56	396	2017
28.6502	77.3027	659	20	121	6.9	99	46	113	Dec	15	10	7.2	0.56	357	2017
28.6502	77.3027	213	22	81	2.6	82	30	104	Dec	15	10	7.2	0.56	145	2017
28.6502	77.3027	334	19.9	70	4.9	60	28	78	Dec	15	10	7.2	0.56	167	2017
28.6502	77.3027	321	19	67	4.6	15	25	79	Dec	15	10	7.2	0.56	185	2017
28.6502	77.3027	342	21	62	2.9	16	24	58	Dec	15	10	7.2	0.56	197	2017
28.6502	77.3027	NA	NA	NA	NA	36	NA	NA	Dec	15	10	7.2	0.56	NA	2017
28.6502	77.3027	332	27	92	3.9	18	29	61	Dec	15	10	7.2	0.56	119	2017
28.6502	77.3027	346	31	98	3.9	20	20	70	Dec	15	10	7.2	0.56	182	2017
28.6502	77.3027	489	33	124	6.6	19	17	94	Dec	15	10	7.2	0.56	268	2017
28.6502	77.3027	701	24	126	8	17	73	135	Dec	15	10	7.2	0.56	441	2017
28.6502	77.3027	654	30	117	6.5	38	19	120	Dec	15	10	7.2	0.56	417	2017
28.6502	77.3027	383	27	99	4.1	31	16	79	Dec	15	10	7.2	0.56	202	2017
28.6502	77.3027	368	28	116	5.9	29	19	69	Dec	15	10	7.2	0.56	172	2017
28.6502	77.3027	890	26	153	11.4	32	22	121	Dec	15	10	7.2	0.56	359	2017
28.6502	77.3027	825	24	121	8.1	32	19	109	Dec	15	10	7.2	0.56	381	2017
28.6502	77.3027	847	29	164	7.2	41	20	119	Dec	15	10	7.2	0.56	330	2017
28.6502	77.3027	870	25	161	10.6	24	23	146	Dec	15	10	7.2	0.56	375	2017
28.6502	77.3027	602	29	142	9.4	30	20	149	Dec	15	10	7.2	0.56	341	2017
28.6502	77.3027	610	36	127	8.5	119	19	139	Dec	15	10	7.2	0.56	310	2017
28.6502	77.3027	876	22	134	10.3	67	17	153	Dec	15	10	7.2	0.56	404	2017
28.6502	77.3027	851	23	132	12.3		20	146	Dec	15	10	7.2	0.56	532	2017
